stage_4:
  precision: 0.67650478
  recall: 0.92153996
stage_w:
  precision: 0.85736434
  recall: 0.51696047